233,6
230,5
232,5
234,5
250,4
247,2
247,7
4294967294,1158
4294967294,1085
4294967294,163
4294967294,489
4294967294,30
4294967294,1237
4294967294,1236
4294967294,1234
4294967294,1233
4294967294,1228
4294967294,1217
4294967294,1062
4294967294,1060
4294967294,1059
4294967294,1058
4294967294,1057
4294967294,60
4294967294,18
4294967294,127
4294967294,14
4294967294,126
4294967294,20
4294967294,13
4294967294,12
234,4
240,5
250,5
244,4
244,5
236,5
247,6
231,4
231,5
247,4
247,5
236,4
4294967278,446
4294967278,19
4294967278,13
4294967278,9
4294967279,129
4294967279,128
4294967279,342
4294967279,556
4294967279,134
4294967279,32
4294967279,304
4294967279,19
4294967279,374
4294967279,512
1584,6
1584,5
1584,4
1584,3
1584,2
1584,1
4294967294,176
4294967294,509
1581,7
1581,6
1581,5
1581,4
1581,3
1581,2
1581,1
4294967279,157
4294967278,226
4294967294,508
1578,5
1578,4
1578,3
1578,2
1578,1
4294967294,408
4294967294,175
1574,5
1574,4
1574,3
1574,2
1574,1
4294967294,114
4294967279,383
4294967278,385
4294967278,406
1570,5
1570,4
1570,3
1570,2
1570,1
4294967279,272
1568,5
1568,4
1568,3
1568,2
1568,1
1567,6
1567,5
1567,4
1567,3
1567,2
1567,1
1566,5
1566,4
1566,3
1566,2
1566,1
1565,5
1565,4
1565,3
1565,2
1565,1
4294967278,237
1564,5
1564,4
1564,3
1564,2
1564,1
4294967294,391
4294967294,461
1562,4
1562,3
1562,2
1562,1
4294967278,379
4294967278,408
4294967279,301
4294967278,441
4294967278,434
4294967278,84
4294967278,83
4294967278,71
4294967278,65
4294967278,63
4294967278,58
4294967278,384
4294967278,53
4294967278,398
4294967278,42
4294967278,25
4294967278,442
4294967278,443
4294967279,84
4294967279,83
4294967279,371
4294967279,81
4294967279,76
4294967279,72
4294967279,60
4294967279,58
4294967279,367
4294967279,42
4294967279,313
4294967279,33
4294967279,306
4294967279,23
4294967279,14
4294967279,6
4294967279,380
4294967279,78
4294967279,312
1561,6
1561,5
1561,4
1561,3
1561,2
1561,1
4294967279,153
4294967294,1065
4294967294,1084
4294967279,149
4294967279,144
4294967294,116
4294967294,453
4294967294,451
1558,7
1558,6
1558,5
1558,4
1558,2
1558,1
4294967279,316
4294967279,377
4294967279,549
4294967279,376
4294967278,253
1555,5
1555,4
1555,3
1555,2
1555,1
4294967279,375
4294967279,373
1551,5
1551,4
1551,2
1551,1
4294967279,372
4294967279,194
4294967279,190
4294967279,370
4294967279,161
1547,5
1547,4
1547,3
1547,2
1547,1
1545,5
1545,4
1545,3
1545,2
1545,1
1544,6
4294967278,144
1544,5
4294967294,1073
4294967294,1153
4294967279,143
1544,4
1544,3
1544,2
1544,1
4294967279,317
4294967278,138
1543,5
4294967279,137
4294967279,136
1543,4
4294967278,135
1543,3
1543,2
1543,1
4294967294,111
1542,5
1542,4
1542,3
1542,2
1542,1
1541,5
1541,4
1541,3
1541,2
1541,1
4294967279,517
1539,4
1539,3
1539,2
1539,1
4294967294,1087
4294967279,547
4294967278,267
4294967278,391
4294967278,426
4294967278,86
4294967278,76
4294967278,75
4294967278,68
4294967278,67
4294967278,61
4294967278,57
4294967278,56
4294967278,55
4294967278,51
4294967278,47
4294967278,409
4294967278,39
4294967278,38
4294967278,36
4294967278,34
4294967279,361
4294967279,360
4294967279,359
4294967279,300
4294967279,74
4294967279,62
4294967279,61
4294967279,59
4294967279,299
4294967279,56
4294967279,53
4294967279,297
4294967279,41
4294967279,353
4294967279,40
4294967279,318
4294967279,39
4294967279,38
4294967279,28
4294967279,5
4294967279,335
4294967278,213
4294967278,241
4294967279,219
4294967279,369
1538,6
1538,5
1538,4
1538,3
1538,2
1538,1
4294967279,256
4294967279,368
4294967294,1074
4294967294,1081
4294967279,191
1535,7
4294967278,183
1535,6
1535,5
1535,4
1535,2
1535,1
4294967279,356
4294967279,366
4294967294,507
4294967294,462
4294967279,365
4294967278,153
1532,5
1532,4
1532,3
1532,2
1532,1
4294967279,154
4294967278,147
4294967279,142
4294967278,239
4294967278,269
4294967278,258
1528,5
1528,4
1528,2
1528,1
4294967278,353
4294967279,545
4294967278,324
4294967279,542
4294967278,254
4294967278,246
4294967279,244
4294967278,236
4294967278,232
4294967278,222
4294967279,358
4294967278,212
1524,5
1524,4
1524,3
1524,2
1524,1
4294967279,208
4294967278,221
1522,5
4294967278,201
1522,4
1522,3
1522,2
1522,1
4294967279,198
4294967279,355
1521,6
1521,5
1521,4
1521,3
1521,2
1521,1
4294967278,190
4294967279,189
4294967278,219
1520,5
4294967294,1066
4294967294,1080
4294967294,1075
1520,4
4294967278,185
1520,3
1520,2
1520,1
4294967279,284
1519,5
1519,4
1519,3
1519,2
1519,1
1518,5
1518,4
1518,3
1518,2
1518,1
1516,4
1516,3
1516,2
1516,1
4294967279,354
4294967294,395
4294967294,178
4294967294,406
4294967294,415
4294967294,599
4294967294,167
4294967294,183
4294967294,412
4294967294,108
4294967278,383
4294967279,276
4294967279,296
4294967279,352
4294967279,527
4294967278,374
4294967279,285
4294967279,350
4294967279,563
4294967279,332
4294967279,86
4294967279,75
4294967279,69
4294967279,68
4294967279,65
4294967279,63
4294967279,44
4294967279,277
4294967279,295
4294967279,294
4294967279,338
4294967278,420
4294967278,444
4294967279,351
1515,6
1515,5
1515,4
1515,3
1515,2
1515,1
4294967279,262
4294967279,283
1512,7
4294967278,248
1512,6
1512,5
1512,4
1512,2
1512,1
4294967294,1155
4294967294,1157
4294967279,349
1509,5
1509,4
1509,3
1509,2
1509,1
4294967279,205
4294967278,197
4294967279,187
4294967279,171
1505,5
1505,4
1505,2
1505,1
4294967279,156
4294967279,151
4294967278,150
4294967279,150
4294967278,368
4294967279,147
4294967278,146
4294967278,145
4294967278,375
4294967278,275
4294967278,390
4294967279,344
1501,5
1501,4
1501,3
1501,2
1501,1
4294967278,266
4294967279,269
4294967279,286
1499,5
4294967278,277
1499,4
1499,3
1499,2
1499,1
4294967279,263
1498,6
4294967279,258
1498,5
1498,4
1498,3
1498,2
1498,1
4294967278,323
4294967278,322
1497,5
1497,4
1497,3
1497,2
1497,1
4294967278,364
1496,5
1496,4
1496,3
1496,2
1496,1
1495,5
1495,4
1495,3
1495,2
1495,1
4294967294,1152
4294967294,1156
4294967279,341
1493,4
1493,3
1493,2
1493,1
4294967294,458
4294967279,291
4294967278,82
4294967278,388
4294967278,50
4294967278,32
4294967279,557
4294967279,329
4294967279,73
4294967279,67
4294967279,281
4294967279,54
4294967279,52
4294967279,261
4294967279,88
4294967279,245
4294967279,15
4294967279,4
4294967279,323
4294967278,189
4294967278,412
4294967279,340
1492,6
1492,5
1492,4
1492,3
1492,2
1492,1
4294967278,173
4294967279,173
1489,7
1489,6
1489,5
1489,4
1489,2
1489,1
4294967279,339
1486,5
1486,4
1486,3
1486,2
1486,1
4294967294,182
4294967279,246
1482,5
1482,4
1482,2
1482,1
4294967278,392
4294967278,413
4294967279,207
4294967278,206
4294967278,380
4294967278,203
4294967278,200
4294967279,303
4294967279,199
4294967279,196
4294967278,188
4294967279,181
1478,5
1478,4
1478,3
1478,2
1478,1
4294967278,177
1476,5
1476,4
1476,3
1476,2
1476,1
1475,6
1475,5
1475,4
4294967279,162
1475,3
1475,2
1475,1
4294967279,158
4294967279,521
1474,5
1474,4
1474,3
1474,2
1474,1
4294967279,221
1473,5
1473,4
1473,3
1473,2
1473,1
4294967294,1160
1472,5
4294967279,139
1472,4
1472,3
1472,2
1472,1
1470,4
1470,3
1470,2
1470,1
4294967279,305
4294967294,419
4294967294,1247
4294967294,1086
4294967278,402
4294967278,372
4294967278,378
4294967278,400
4294967278,399
4294967278,396
4294967278,416
4294967279,229
4294967279,346
4294967279,336
1469,6
1469,5
1469,4
1469,3
1469,2
1469,1
4294967278,2
1466,7
4294967294,184
4294967294,463
4294967279,203
1466,6
1466,5
1466,4
1466,2
1466,1
4294967278,365
4294967294,506
1463,5
1463,4
1463,3
1463,2
1463,1
4294967278,168
4294967279,166
4294967278,154
1459,5
1459,4
1459,2
1459,1
4294967278,355
4294967278,268
4294967279,271
4294967278,381
4294967278,250
1455,5
1455,4
1455,3
1455,2
1455,1
4294967278,238
4294967294,505
1453,5
4294967279,230
1453,4
4294967278,228
1453,3
1453,2
1453,1
4294967294,164
1452,6
1452,5
1452,4
1452,3
1452,2
1452,1
4294967279,211
4294967279,210
1451,5
1451,4
1451,3
1451,2
1451,1
1450,5
1450,4
1450,3
1450,2
1450,1
4294967279,326
1449,5
1449,4
1449,3
1449,2
1449,1
4294967279,322
4294967279,184
4294967294,439
1447,4
1447,3
1447,2
1447,1
4294967279,530
4294967279,529
4294967278,347
4294967294,396
4294967294,1244
4294967294,179
4294967294,407
4294967294,403
4294967294,420
4294967294,384
4294967294,1078
4294967294,411
4294967294,168
4294967294,425
4294967294,9
4294967278,367
4294967278,366
4294967278,363
4294967278,386
4294967278,371
4294967278,362
4294967278,377
4294967278,360
4294967278,359
4294967278,394
4294967279,315
4294967279,311
4294967279,514
4294967279,275
4294967279,541
4294967279,550
4294967279,574
4294967278,223
1446,6
1446,5
1446,4
1446,3
1446,2
1446,1
4294967279,310
1443,7
1443,6
1443,5
1443,4
1443,2
1443,1
4294967279,546
4294967294,504
4294967278,418
4294967294,393
4294967278,415
4294967279,236
1440,5
4294967278,234
1440,4
4294967279,234
1440,3
1440,2
1440,1
4294967279,222
4294967279,193
1436,5
1436,4
1436,2
1436,1
4294967294,1082
4294967279,183
4294967278,411
4294967278,369
4294967279,172
4294967278,167
4294967278,165
4294967278,163
4294967279,152
1432,5
1432,4
1432,3
1432,2
1432,1
4294967294,503
1430,5
1430,4
1430,3
1430,2
1430,1
4294967294,502
4294967294,416
4294967294,454
4294967294,418
1429,6
4294967278,134
1429,5
4294967279,289
1429,4
1429,3
1429,2
1429,1
4294967279,274
4294967279,273
4294967278,417
1428,5
4294967278,265
1428,4
1428,3
1428,2
1428,1
4294967279,267
4294967278,358
4294967279,259
1427,5
1427,4
1427,3
1427,2
1427,1
1426,5
1426,4
1426,3
1426,2
1426,1
4294967279,254
4294967294,501
4294967294,389
4294967294,115
4294967279,253
4294967294,1429
1424,4
1424,3
1424,2
1424,1
4294967279,555
4294967294,387
4294967294,89
4294967294,120
4294967294,38
4294967294,36
4294967294,39
4294967294,401
4294967278,350
4294967278,132
4294967278,130
4294967278,121
4294967278,349
4294967278,110
4294967278,109
4294967278,414
4294967278,97
4294967278,95
4294967278,90
4294967278,357
4294967278,345
4294967278,301
4294967279,309
4294967279,321
4294967279,345
4294967279,534
4294967279,46
4294967279,36
4294967279,34
4294967279,27
4294967279,25
4294967279,13
4294967279,11
4294967294,1430
4294967279,204
4294967278,440
1423,6
1423,5
1423,4
1423,3
1423,2
1423,1
4294967278,334
1420,7
1420,6
1420,5
1420,4
1420,2
1420,1
4294967278,407
4294967294,500
4294967278,155
1417,5
1417,4
1417,3
1417,2
1417,1
4294967279,278
4294967278,281
4294967278,264
4294967278,261
4294967278,257
4294967279,561
4294967279,515
1413,5
4294967278,320
1413,4
1413,2
1413,1
4294967279,242
4294967278,340
4294967279,543
4294967279,228
4294967278,224
4294967278,220
4294967279,218
4294967278,216
4294967279,216
4294967279,213
4294967279,212
4294967279,209
1409,5
4294967279,202
1409,4
1409,3
1409,2
1409,1
4294967294,499
1407,5
1407,4
1407,3
1407,2
1407,1
1406,6
1406,5
1406,4
1406,3
1406,2
1406,1
1405,5
1405,4
1405,3
1405,2
1405,1
4294967278,337
1404,5
1404,4
1404,3
1404,2
1404,1
4294967294,1068
4294967294,186
4294967279,298
1403,5
4294967279,159
1403,4
1403,3
1403,2
1403,1
4294967278,156
1401,4
1401,3
1401,2
1401,1
4294967294,173
4294967294,388
4294967278,447
4294967278,128
4294967278,123
4294967278,120
4294967278,118
4294967278,393
4294967278,116
4294967278,341
4294967278,351
4294967278,0
4294967279,287
4294967279,292
4294967279,553
4294967279,50
4294967279,280
4294967279,239
4294967279,539
4294967279,362
4294967279,347
1400,6
1400,5
1400,4
1400,3
1400,2
1400,1
1397,7
4294967294,405
4294967294,386
4294967278,305
4294967279,308
1397,6
1397,5
1397,4
1397,2
1397,1
4294967294,498
1394,5
1394,4
1394,3
1394,2
1394,1
4294967294,1070
4294967278,182
4294967278,171
4294967278,336
4294967279,243
1390,5
1390,4
1390,2
1390,1
4294967279,146
4294967278,331
4294967279,526
4294967278,329
4294967278,141
4294967279,141
4294967278,139
4294967279,2
4294967278,133
4294967279,290
4294967278,272
4294967278,271
4294967279,270
4294967278,259
1386,5
1386,4
1386,3
1386,2
1386,1
1384,5
4294967279,516
1384,4
1384,3
1384,2
1384,1
4294967279,255
1383,6
4294967294,497
1383,5
1383,4
1383,3
1383,2
1383,1
1382,5
1382,4
1382,3
1382,2
1382,1
4294967278,309
4294967279,554
1381,5
1381,4
1381,3
1381,2
1381,1
4294967294,110
4294967294,109
4294967294,410
4294967294,397
4294967279,348
1380,5
1380,4
1380,3
1380,2
1380,1
4294967294,496
4294967294,76
1378,4
1378,3
1378,2
1378,1
4294967279,197
4294967294,45
4294967294,426
4294967279,324
4294967294,41
4294967294,107
4294967294,50
4294967294,91
4294967294,87
4294967294,85
4294967294,1249
4294967294,83
4294967294,1246
4294967294,1426
4294967294,52
4294967294,44
4294967294,43
4294967294,438
4294967294,417
4294967294,51
4294967294,22
4294967294,1163
4294967294,161
4294967294,82
4294967294,92
4294967294,88
4294967293,131
4294967293,130
4294967293,129
4294967293,128
4294967293,127
4294967293,126
4294967293,125
4294967293,124
4294967293,123
4294967293,122
4294967293,121
4294967293,120
4294967293,119
4294967293,118
4294967293,117
4294967293,116
4294967293,115
4294967293,114
4294967293,113
4294967293,112
4294967293,111
4294967293,110
4294967293,109
4294967293,108
4294967293,107
4294967293,106
4294967293,105
4294967293,104
4294967293,103
4294967293,102
4294967293,101
4294967293,100
4294967293,99
4294967293,98
4294967293,97
4294967293,96
4294967293,95
4294967293,94
4294967293,93
4294967293,92
4294967293,91
4294967293,90
4294967293,89
4294967293,87
4294967293,86
4294967293,85
4294967293,84
4294967293,83
4294967293,82
4294967293,81
4294967293,80
4294967293,79
4294967293,78
4294967293,77
4294967293,76
4294967293,75
4294967293,74
4294967293,73
4294967293,72
4294967293,71
4294967293,70
4294967293,69
4294967293,68
4294967293,67
4294967293,66
4294967293,65
4294967293,64
4294967293,63
4294967293,62
4294967293,61
4294967293,60
4294967293,59
4294967293,58
4294967293,57
4294967293,56
4294967293,55
4294967293,54
4294967293,53
4294967293,52
4294967293,51
4294967293,50
4294967293,49
4294967293,48
4294967293,47
4294967293,46
4294967293,45
4294967293,44
4294967293,43
4294967293,42
4294967293,41
4294967293,40
4294967293,39
4294967293,38
4294967293,37
4294967293,36
4294967293,35
4294967293,34
4294967293,33
4294967293,32
4294967293,31
4294967293,30
4294967293,29
4294967293,28
4294967293,27
4294967293,26
4294967293,25
4294967293,24
4294967293,23
4294967293,22
4294967293,21
4294967293,20
4294967293,19
4294967293,18
4294967293,17
4294967293,16
4294967293,15
4294967293,14
4294967293,13
4294967293,12
4294967293,11
4294967293,10
4294967293,9
4294967293,8
4294967293,7
4294967293,6
4294967293,5
4294967293,4
4294967293,3
4294967278,122
4294967278,333
4294967278,115
4294967278,107
4294967278,105
4294967278,103
4294967278,335
4294967278,94
4294967278,92
4294967278,81
4294967278,78
4294967278,348
4294967278,73
4294967278,70
4294967278,28
4294967278,20
4294967279,127
4294967279,124
4294967279,121
4294967279,116
4294967279,115
4294967279,114
4294967279,109
4294967279,107
4294967279,103
4294967279,537
4294967279,102
4294967279,92
4294967279,91
4294967279,89
4294967279,532
4294967279,57
4294967279,573
4294967279,548
4294967279,0
4294967279,364
4294967278,332
4294967294,7
4294967294,5
4294967278,439
4294967278,172
4294967278,330
1377,6
1377,5
1377,4
1377,3
1377,2
1377,1
4294967278,161
4294967279,155
4294967278,148
1374,7
1374,6
1374,5
1374,4
1374,2
1374,1
4294967294,495
4294967279,266
1371,5
4294967278,354
1371,4
1371,3
1371,2
1371,1
4294967278,218
1367,5
4294967278,208
1367,4
1367,2
1367,1
4294967278,304
4294967279,192
4294967278,187
4294967279,363
4294967278,186
4294967279,186
4294967278,181
4294967279,182
4294967278,180
4294967279,176
1363,5
1363,4
1363,3
1363,2
1363,1
4294967279,170
4294967279,168
4294967278,174
4294967278,327
4294967278,79
4294967278,69
4294967278,64
4294967279,117
4294967279,104
4294967279,101
4294967279,94
4294967279,90
4294967279,334
4294967279,64
4294967279,528
4294967279,55
4294967279,562
4294967278,164
4294967279,163
4294967278,162
1361,5
4294967278,160
1361,4
1361,3
1361,2
1361,1
4294967279,45
1360,6
1360,5
4294967278,151
1360,4
1360,3
1360,2
1360,1
4294967278,149
4294967279,148
1359,5
1359,4
1359,3
1359,2
1359,1
4294967278,142
4294967294,191
4294967294,457
4294967278,136
1358,5
1358,4
4294967279,135
1358,3
1358,2
1358,1
4294967278,328
4294967279,525
1357,5
1357,4
1357,3
1357,2
1357,1
4294967279,520
1355,4
4294967278,356
1355,3
1355,2
1355,1
4294967279,518
4294967279,125
4294967278,260
4294967278,346
4294967279,119
4294967279,240
1354,6
1354,5
1354,4
1354,3
1354,2
1354,1
